530070000600195000098000060800060003400803001700020006060000280000419005000080079
043260000006000003089105000030600004470010038800004070000706180100000900000091320
000000000012034567034506182001058206008600001020007050003705028080060700207083615
000540008600002300007003090031050020000000000040030710090700200008600005100024000
000260701680070090190004500820100040004602900050003028009300074040050036703018000
200804006006000500074000920300040007000305000400060009019000740008000200500608001
030007040702608005000030060860050070001709400070080052020090000900406703040200080
800020005005401900010000020080209040300000001060107080030000090008503100100040006
806003090040010068200870005108005020030100050705030900021007040600020800087604003
000000000000003085001020000000507000004000100090000000500000073002010000000040009
000700000100000000000430200000000006000509000000000418000081000002000050040000300
040006000600320590702000080069010000000809000000070960090000105013052009000400020
092000870600407002300502009071000520000000000046000980700105004200803007054000230
406700050000008060008050102900105080007090500050804003704010800080900000060007205
000801000000000430500000000000070800000000100020030000600000075003400000000200600
509000200082039600060702080940300060000924000050006097070801020006590840004000701
008010009601090320040037005035008200002650800004001750500340080097080506100060900
230450670100000080007090000800001090703000010000204000600000020540780360000000000
000000010000002003000400000000000500401600000007100000050000200000080040030910000
100000520000078000000000600090040000000500100070000000006200000040000078000000003
053207008601500002200913050714692000020000060000451297060325009100006304800109670
093105640700000005501209307200000003036907520900000001302408109600000004047302850
001509402090104500350008090083251070029700340500900008000060050000090206042800007
070050010140000065000401000006908300800000009009304600000802000460000021080060090
060001070320900058000004000206000030000030000030000709000500000490006023080200060
040002019000351086310094700094000007000000000200000890009520041420169000160800070
000070000090506080008401200059000840700000006023000570005307400010608090000010000
410070005080006090000500000007401300530000012004308700000004000090800070700060028
023000054500349000080052900060501200000000000002706040005210070000973001730000490
600003005903080000051000600000430007008507100400068000007000980000070402800300006
450002061008040000010007040004780032082500000000036000000900000500070090009361208
200006400738000002000079000000410059000008000400000310050020780040100500309860200
004003000000400906103960000006070009400000001200040800000091302802005000000700100
056000000009600000000028000800005900120000053007400002000310000000006400000000820
000000000000008512006000007000675800000300025090800001010700006070020080082013400
000037600000600090008000004090000001600000009300000040700000800010009000002540000
300610008002030760000750290090800010040173050050009020037041000025080900400097002
508000060093070002004105000600002040040763005005018000072050006086200003000080904
030900020800002007001400600090040502000603000706010080009004100200800003070009050
670000094090408060005000300012605970000000000069702410006000700020104030430000082
030900020800002007001400600090040502000603000706010080009004100200800003070009050
030005020206080900070004000002000100050731080003000400000300040001090802020500060
000450000008007100070103050035000907900000008406000510040908020009300600000012000
007280000030056098500094100010000900090000060005000010001420009760910040000035800
060104050008305600200000001800407006006000300700901004500000002007206900040508070
051000007082015000300800059090170030164003070700098010649000300800921060000034805
600503714709006803000704209400015620200360090916842000050070936304059187107000502
015040000040003080000500000000010390900857006076020000000008000090200010000090840